
#################### ratio of all-ivcs runtime (includes proof) to UCBF ###################

min: 16.546762589928054%
max: 101281.84786470888%
stdev: 4481.19859582%
average: 503.494450118%