
min : 100.0%
max : 300.0%
stdev: 17.8008386609%
average : 108.324600992%