
min: 0.002188183807439825
max: 1.0
stdev: 0.301771624563
average: 0.476419395791