
min: 0.002188183807439825
max: 1.0
stdev: 0.299236332139
average: 0.456897363059