
#################### ratio of all-ivcs runtime (includes proof) to UCBF ###################

min: 28.834355828220858%
max: 5251.584234930448%
stdev: 344.445741232%
average: 188.758073914%