
min : 100.0%
max : 300.0%
stdev: 20.0576728955%
average : 110.012101832%